[150, 429, 307, 177, 129]
[187, 13, 56, 42, 8]
[214, 36, 79, 131, 28]
[131, 23, 82, 105, 141]
[76, 328, 184, 443, 357]
[140, 4, 18, 22, 22]
[91, 10, 78, 67, 35]
[96, 129, 13, 31, 115]
[42, 286, 250, 179, 34]
[43, 0, 4, 2, 0]
[43, 8, 27, 87, 72]
[122, 178, 165, 160, 109]
[144, 25, 81, 74, 29]
[56, 61, 222, 208, 180]
[42, 382, 209, 143, 90]
[157, 49, 54, 55, 30]
[19, 4, 0, 3, 0]
[125, 233, 225, 165, 158]
[319, 34, 107, 130, 590]
[175, 70, 149, 192, 172]
[24, 169, 111, 69, 6]
[54, 13, 54, 32, 1]
[95, 32, 24, 23, 10]
[5, 11, 29, 5, 24]
[13, 40, 31, 14, 218]
[7, 3, 11, 11, 12]